rna final ids	condition	gender	age	height	weight	BNP	NYHA	heart rate	mPAP	PAWP	CVP	HZV_Fick	HZV_Thermodil	PVR	Cardiac Index	Rrsys	PA_systolic	PA_diastolic	ven_SO2	AVDO2	TAPSE	RVEDD	S	sPAP excl. ZVD	ZVD	VCI_diameter	RA_area	AT	AT_ET	Paradoxe_Septumbewegung	Perikarderguss	SMW	FEV1	Tiffeneau Index FEV1/VC	DLCO	Kreatinin	eGFR
healthy-6620-p_6	healthy	F	81	169	58.4	42	3	62	15	6	4	4.62	2.7	156	2.77	124	22	10	71	4.32	22	33	23	5	5	8	7.2	129	0.44	0	0		1.63	62.99		0.8	73.4
healthy-6655-p_27	healthy	F	66	162	59.5	398	3	85	21	10	4	4.3	3.2	205	2.64	120	33	13	60.9	4.77	18	32	10	41	3	7	8.8	120	0.45	0	0		1.04	74.76		1	59
healthy-6667-p_49	healthy	F	80	170	75.9	130	3	68	17	6	3	4.95	4.53	178	2.65	139	32	10	68.3	3.97	21	40	15	24	5	18	18.3	115	0.38	0	0		1.44	55.87	3.55	1.1	50.9
healthy-6818-p_59	healthy	F	68	168	62	45	3	66	22	8	6	4.73	4.3	237	2.78	135	37	14	69.8	4.06	22.2	31	11.5	28	5	12	12.6	124	0.442857143		0	500	1.97	78.38	4.59	0.8	75.8
healthy-6819-p_19	healthy	F	79	155	64.6	174	3	66	22	9	7	3.1	2.9	335	1.89	132	41	14	60.1	6.77	18	39	9	34	5	15	16.1	138	0.42	0	0		1.25	60.57	1.79	1.3	42
healthy-6935-p_54	healthy	F	72	170	73	38	2	68	18	8	4	5.9	5	136	3.21	144	31	9	73	4.47	21	34	9	28	5	12	10.8	65	0.21	1	0		2.37	74.76	5.9	0.9	65.6
healthy-6960-p_32	healthy	F	69	15	50	21	3	65	18	9	8	4.08	3.07	176	2.81	166	26	12	65.8	5	18	27	11			12	5.4	106	0.432653061	0	0	464	1.58	64.44	3.81	0.7	88.4
healthy-6968-p_15	healthy	F	71	158	57	107	3	62	21	10	5	5.35	4.7	164	3.41	108	35	10	67	3.86	13	37	8	27	5	16	14.3	129	0.36	0	0		1.87	70.53	2.77	1.7	31.5
healthy-6658-p_22	healthy	M	45	178	101.65	16	2	60	19	7	5	6.88	6.4	140	3.14	146	27	14	70.7	4.13	27.7	39	14.1	21	5	13	14.9	145	0.450310559		0	400	3.06	76.36	8.52	0.7	130.2
healthy-6688-p_56	healthy	M	84	173	61.9	117	3	72	21	7	3	5.77	5.2	194	3.32	120	39	13	66.8	3.81	27	40	15	48	5	14	15.9			0	0	210	1.02	46.03	1.14	1.7	41.1
healthy-6743-p_63	healthy	M	62	176	85	25	3	68	20	10	6	7	5.87	114	3.47	141	33	12	75	3.94	29.5	44	17.3	19	5	21	1701	174	0.28	0	0		2.35	59.23	6.94	0.9	90.9
healthy-6884-p_64	healthy	M	63	175	107.6	19	2	88	22	11	5	6.52	4.63	135	2.94	143	33	16	72	4.91	19	40	14				10.2	69	0.28	0	0		1.95	92.44	4.94	1.1	72.1
pah-6608-p_16	pah	F	49	158	55	10	2	88	28	4	1	4.57	3.77	420	2.95	99	43	18	76.3	3.83	22.3	35	11.6	42	5	10	12.3	98	0.322368421		0	250	1.96	77.87	4.58	0.6	113.4
pah-6637-p_41	pah	F	52	172	63	32	2	66	20	5	2	6.8	5.73	176	3.89	96	35	9	76.7	3.36	23		13	28	7	22	10.4	97	0.31	1	0		3	73.47		0.7	93.8
pah-6660-p_13	pah	F	71	163	112	36	3	94	30	15	6	6.37	6.37	188	2.98	109	43	16	59.3	3.59	24	42	13	38	5	14	17.8	92	0.25	0	0	230	1.49	72.12	3.18	0.9	65.6
pah-6712-p_17	pah	F	47	167	56	139	3	58	62	9	6	3.51	3.37	1208	2.17	88	109	39	59.8	5.55	19	49	12	115	5	19	25.5			1	0		1.61	73		1.3	61.9
pah-6803-p_50	pah	F	53	159	60	9	2	90	34	10	7	6.8	5.63	282	4.22	112	52	25	78.3	3.08	22	39	15				10.5	69	0.25		0				4.73	0.6	111.1
pah-6858-p_7	pah	F	65	162	65	14	3	67	29	6	3	2.25	2.67	818	1.33	123	41	19	56.6	8.96	20	37	9	53	5	12	9.2			1	1	385	2.36	66.78	3.97	0.9	66.8
pah-6863-p_3	pah	F	62	173	52.65	265	3	88	48	20	18	3.8	4.2	589	2.35	90	75	32	64.9	5.54	14	61	11	49	6	21	30.3			1	0		1.2	83.15		1	59.7
pah-6890-p_47	pah	F	79	166	54	150	2	58	42	11	5	4.45	3.4	557	2.8	141	66	20	70	4.62	27	42	15	77	5	18	17.6	92	0.28	1	0	178	1.54	60.23	1.73	0.6	102.8
pah-6922-p_35	pah	F	90	162	58.6	296	3	89	36	18	8	4.5	3.1	320	2.78	113	55	25	64	4.67	15	41	8	64	5	17	18.4	83	0.29020979	0	0	235	1.4	62.71	2.37	1.9	26.5
pah-6958-p_40	pah	F	65	161	69	67		58	29	10	3	5.9	4.13	258	3.41	127	53	19	76.1	3.91	22	37	14	59	5	15	10.9	74	0.22	1	0	124	1.14	87.78		0.7	89.5
pah-6634-p_28	pah	M	53	187	99.9	70	2	54	32	5	3	8.4	6.87	257	3.72	117	57	22	71.2	3.92	31	54	20	54			21.4	111	0.35		0	600	3.62	65.3	5.65	0.8	107.9
pah-6691-p_23	pah	M	61	172	85	112	2	58	53	13	7	6.47	4.83	495	63.27	119	107	25	67.3	4.82	24	49	11	107	5	19	18.3	62	0.18	1	1	483	2.56	80.32	4.22	1	81
pah-6744-p_2	pah	M	63	179	84	36	3	77	51	17	8	5.47	7.23	497	2.69	162	73	36	70.4	5.37	23	42	12	63			12.1	88	0.32	0	0		2.59	68.22		0.7	121.5
pah-6751-p_24	pah	M	48	176	102	26	3	97	68	12	5	5.4	4.5	830	2.48	110	93	53	70	5.15	18	43	10	87	5	10	15.4	60	0.31	1	0	426	3.2	71.8		0.9	96.1
pah-6824-p_34	pah	M	49	170	69	310	2	121	40	9	17	4	5.33	620	2.22	107	58	31	45.1	6.17	19	69	10	61	12	27	36.6	62	0.34	1	0	405	2.82	74.81	4.95	0.8	109.2
pah-6872-p_4	pah	M	76	166	76.8	81	3	59	28	13	6	5.15	4.4	233	2.78	147	40	19	67.9	5	20	46	13	27	5	14	18.1	83	0.25	0	0		1.33	64.54	3.7	0.8	99.9
pah-6875-p_60	pah	M	61	172	86	139	2	59	57	11	7	5.74	5.43	641	2.88	127	111	21	64.9	5.43	24	49	14	94	5	15	18.2	65	0.2	1	1	465	2.46	81.36	3.68	1.2	65.4
pah-6904-p_25	pah	M	49	176	102	57	3	99	72	7	3	4.4	5.2	1182	2.02	120	104	53	66.9	5.95	18	43	8	62			14.8	60	0.26	1	1				5.12	0.9	95.7
pah-6942-p_9	pah	M	59	174	85	22	3	47	45	7	5	4	4.33	760	2	101	75	30	61.6	6.25	22	61	14	80	5	19	22.9			1	0	309	2.03	60.39	4.42	1	81.6
ph-lung-6689-p_29	ph-lung	F	59	155	108.65	700	4	74	49	17	20	5.41	4.47	473	2.65	134	81	32	67.4	4.72	15	50	9	35	10	25	23.6			1	0		0.99	56.59		1.7	32.7
ph-lung-6747-p_46	ph-lung	F	82	172	82	100	3.00		39	24	7			224	2.74				69																		
ph-lung-6912-p_65	ph-lung	F	58	154	80	314	4	73	52	12	4	4.1	2.77	780	2.3	138	81	34	67.2	5.84	14	46	8	67	8	20	15.6			1	0		1.36	65.74	0.36	0.9	68.6
ph-lung-6649-p_33	ph-lung	M	60	184	114	278	3	67	50	15	16	5.4	5.27	519	2.29	120	79	29	62.1	6.42	20	51	12	51	5	12	21.4				0		2.3	69.84		0.9	91.5
ph-lung-6662-p_55	ph-lung	M	68	171	82	278	3	60	36	10	3	4.45	4.1	467	2.29	143	61	25	67.8	5.66	21	50	12	58	6	20	19.7	60	0.21	1	0		2.79	82.23		1.4	53.7
ph-lung-6678-p_42	ph-lung	M	80	180	93	72	3	56	39	8	7	4.41	3.5	562	2.07	123	62	29	62.2	6.24	18	44	9	64	5	14	21.7	88	0.29	1	0		1.79	55.12		1.5	48
ph-lung-6748-p_43	ph-lung	M	54																																		
ph-lung-6749-p_57	ph-lung	M	48	166	63	153	3	77	41	8	13	3.29	2.97	802	1.94	108	63	28	62.1	7.58	15	56	11	75	8	22	19.8	69	0.36	1	0		1.05	49.91		1.2	69
ph-lung-6754-p_20	ph-lung	M	81	176	83	227	4	80	42	9	7	10.67	7.07	247	5.34	116	76	27	74.4	2.54	20	50	12	80	5	17	24	74	0.24	0	0		1.77	63.88	1.38	1.8	38.7
ph-lung-6755-p_1	ph-lung	M	80	183	85	106	3	66	31	9	5	6.3	5.97	279	3.04	153	57	20	71.1	4.36	21	41	13	56			12	83	0.3	1	0		1.42	82.58		1.2	62.1
ph-lung-6822-p_18	ph-lung	M	61	185	101	75	3	66	42	25	10	4.34	4.03	313	1.93	103	69	29	57.6	6.69	13.5	48	8.38	80	15	26	32.9	79	0.262458472		0		1.85	63.79	5.11	1.7	44.2
ph-lung-6825-p_52	ph-lung	M	84	172	86	258	3	85	27	10	6	5.37	5.37	253	2.7	107	46	16	46.2	5.12	27	44	20	52	5	12	15.3	92	0.3	1	0		1.9	55.39		1	75.7
ph-lung-6885-p_58	ph-lung	M	81	180	87.3	78	3	60	34	11	6	5.7	4.77	323	2.75	120	51	23	57.9	5.13	21	38	10	46	5	16	17.5	74	0.21	1	0		1.92	53.16	1.84	1.1	68.5
ph-lung-6898-p_8	ph-lung	M	73	168	64	102	3	58	28	4	0	4.9	4.13	392	2.83	145	50	17	71.4	4.89	20	42	12	85	5	19	14.4	60	0.22	1	0	275	1.66	83.67	1.29	1	78.7
ph-lung-6932-p_21	ph-lung	M	85	169	64.2	164	3	77	31	14	8	4.86	4.43	280	2.79	134	41	24	60.8	4.63	21	32	16	46	5	17	12.4	78	0.277580071	0	0		1.16	55.25	1.32	1	75.7
ph-lung-6949-p_66	ph-lung	M	64	182	80.8	618	3	64	33	10	22	5.5	4.63	335	2.72	117	57	22	68.6	5.25	15	51	11	64	8	21	25.3	60	0.2	1	0	230	1.35	87.27	1.45	1	80.2
ph-lung-6952-p_36	ph-lung	M	44	188	75	18	3	84	40	11	2	8	5.87	290	4	115	57	28	78.9	3.6	19	43	10	45	5	17	10.4			0	0		1.76	51.96	3.45	0.9	97.9
ph-lung-6976-p_12	ph-lung	M	60	170	83	8	3	80	31	13	10	5.35	5.47	269	2.74	126	44	23	65.3	4.76	20	45	11			11	18.5	83	0.29	0	0		1.94	49.4	2.5	0.9	91.8
ph-lung-6980-p_26	ph-lung	M	63	178	74	300	2	77	35	8	6	6.47	6.47	334	3.37	10	53	26	72	4.04	19	35	11	50	5	17	12.7	88	0.398190045	1	1		1.88	91.89	1.61	1	80.5
